name: kraken2
channels:
  - bioconda
  - conda-forge
  - defaults
dependencies:
  - _libgcc_mutex=0.1=conda_forge
  - _openmp_mutex=4.5=2_gnu
  - biom-format=2.1.7=py27_0
  - blast=2.15.0=pl5321h6f7f691_1
  - bzip2=1.0.8=h4bc722e_6
  - c-ares=1.32.1=h4bc722e_0
  - ca-certificates=2024.7.4=hbcca054_0
  - certifi=2019.11.28=py27h8c360ce_1
  - click=7.1.2=pyh9f0ad1d_0
  - curl=8.8.0=he654da7_1
  - entrez-direct=22.1=he881be0_0
  - future=0.18.2=py27h8c360ce_1
  - gettext=0.22.5=h59595ed_2
  - gettext-tools=0.22.5=h59595ed_2
  - h5py=2.10.0=nompi_py27h513d04c_102
  - hdf5=1.10.5=nompi_h3c11f04_1104
  - keyutils=1.6.1=h166bdaf_0
  - kraken-biom=1.2.0=pyh5e36f6f_0
  - kraken2=2.1.3=pl5321hdcf5f25_1
  - krb5=1.21.3=h659f571_0
  - libasprintf=0.22.5=h661eb56_2
  - libasprintf-devel=0.22.5=h661eb56_2
  - libblas=3.9.0=13_linux64_openblas
  - libcblas=3.9.0=13_linux64_openblas
  - libcurl=8.8.0=hca28451_1
  - libedit=3.1.20191231=he28a2e2_2
  - libev=4.33=hd590300_2
  - libffi=3.4.2=h7f98852_5
  - libgcc-ng=14.1.0=h77fa898_0
  - libgettextpo=0.22.5=h59595ed_2
  - libgettextpo-devel=0.22.5=h59595ed_2
  - libgfortran-ng=7.5.0=h14aa051_20
  - libgfortran4=7.5.0=h14aa051_20
  - libgomp=14.1.0=h77fa898_0
  - libiconv=1.17=hd590300_2
  - libidn2=2.3.7=hd590300_0
  - liblapack=3.9.0=13_linux64_openblas
  - libnghttp2=1.58.0=h47da74e_1
  - libopenblas=0.3.18=hf726d26_0
  - libsqlite=3.46.0=hde9e2c9_0
  - libssh2=1.11.0=h0841786_0
  - libstdcxx-ng=14.1.0=hc0a3c3a_0
  - libunistring=0.9.10=h7f98852_0
  - libxcrypt=4.4.36=hd590300_1
  - libzlib=1.2.13=h4ab18f5_6
  - linecache2=1.0.0=py_1
  - lz4-c=1.9.4=hcb278e6_0
  - ncbi-vdb=3.1.1=h4ac6f70_1
  - ncurses=6.5=h59595ed_0
  - numpy=1.16.5=py27h95a1406_0
  - openssl=3.3.1=h4ab18f5_1
  - pandas=0.24.2=py27hb3f55d8_0
  - pcre=8.45=h9c3ff4c_0
  - perl=5.32.1=7_hd590300_perl5
  - perl-archive-tar=2.40=pl5321hdfd78af_0
  - perl-carp=1.38=pl5321hdfd78af_4
  - perl-common-sense=3.75=pl5321hdfd78af_0
  - perl-compress-raw-bzip2=2.201=pl5321h87f3376_1
  - perl-compress-raw-zlib=2.105=pl5321h87f3376_0
  - perl-encode=3.19=pl5321hec16e2b_1
  - perl-exporter=5.72=pl5321hdfd78af_2
  - perl-exporter-tiny=1.002002=pl5321hdfd78af_0
  - perl-extutils-makemaker=7.70=pl5321hd8ed1ab_0
  - perl-io-compress=2.201=pl5321hdbdd923_2
  - perl-io-zlib=1.14=pl5321hdfd78af_0
  - perl-json=4.10=pl5321hdfd78af_0
  - perl-json-xs=2.34=pl5321h4ac6f70_6
  - perl-list-moreutils=0.430=pl5321hdfd78af_0
  - perl-list-moreutils-xs=0.430=pl5321h031d066_2
  - perl-parent=0.236=pl5321hdfd78af_2
  - perl-pathtools=3.75=pl5321hec16e2b_3
  - perl-scalar-list-utils=1.62=pl5321hec16e2b_1
  - perl-types-serialiser=1.01=pl5321hdfd78af_0
  - pip=20.1.1=pyh9f0ad1d_0
  - popt=1.16=1
  - pyqi=0.3.2=py27_1
  - python=2.7.18=h42bf7aa_3
  - python-dateutil=2.8.1=py_0
  - python_abi=2.7=1_cp27mu
  - pytz=2020.1=pyh9f0ad1d_0
  - readline=8.2=h8228510_1
  - rsync=3.3.0=he6cb5fe_0
  - scipy=1.2.1=py27h921218d_2
  - setuptools=44.0.0=py27_0
  - six=1.16.0=pyh6c4a22f_0
  - sqlite=3.46.0=h6d4b2fc_0
  - tar=1.34=hb2e2bae_1
  - tk=8.6.13=noxft_h4845f30_101
  - traceback2=1.4.0=py27_0
  - unittest2=1.1.0=py_0
  - wget=1.21.4=hda4d442_0
  - wheel=0.37.1=pyhd8ed1ab_0
  - xxhash=0.8.2=hd590300_0
  - zlib=1.2.13=h4ab18f5_6
  - zstd=1.5.6=ha6fb4c9_0
prefix: /home/hfm/mambaforge/envs/kraken2
